4.096000000000000000e+04
2.048000000000000000e+03
2.000000000000000000e+00
3.000000000000000000e+00
4.000000000000000000e+00
5.000000000000000000e+00
2.054000000000000000e+03
6.000000000000000000e+00
4.104000000000000000e+03
1.000000000000000000e+00
9.000000000000000000e+00
6.154000000000000000e+03
2.061000000000000000e+03
1.400000000000000000e+01
1.500000000000000000e+01
1.600000000000000000e+01
1.700000000000000000e+01
1.800000000000000000e+01
1.900000000000000000e+01
8.808500000000000000e+04
2.069000000000000000e+03
2.500000000000000000e+01
2.600000000000000000e+01
2.700000000000000000e+01
4.123000000000000000e+03
2.900000000000000000e+01
5.737100000000000000e+04
3.100000000000000000e+01
3.200000000000000000e+01
3.400000000000000000e+01
3.900000000000000000e+01
6.185000000000000000e+03
2.257200000000000000e+04
4.400000000000000000e+01
3.486200000000000000e+04
4.715900000000000000e+04
1.643900000000000000e+04
2.258500000000000000e+04
2.105000000000000000e+03
6.204000000000000000e+03
6.200000000000000000e+01
6.764700000000000000e+04
6.600000000000000000e+01
2.464400000000000000e+04
6.213000000000000000e+03
7.100000000000000000e+01
7.300000000000000000e+01
6.219000000000000000e+03
7.600000000000000000e+01
6.220000000000000000e+03
6.221000000000000000e+03
6.223000000000000000e+03
2.130680000000000000e+05
6.228000000000000000e+03
1.905490000000000000e+05
6.231000000000000000e+03
4.924200000000000000e+04
2.142000000000000000e+03
2.876800000000000000e+04
2.144000000000000000e+03
9.600000000000000000e+01
9.900000000000000000e+01
2.150000000000000000e+03
1.040000000000000000e+02
2.152000000000000000e+03
1.050000000000000000e+02
1.090000000000000000e+02
5.950700000000000000e+04
2.163000000000000000e+03
1.240500000000000000e+04
3.698200000000000000e+04
1.200000000000000000e+02
4.219000000000000000e+03
5.951600000000000000e+04
2.675300000000000000e+04
1.340000000000000000e+02
6.279000000000000000e+03
1.360000000000000000e+02
1.370000000000000000e+02
2.187000000000000000e+03
1.400000000000000000e+02
1.410000000000000000e+02
1.967480000000000000e+05
1.430000000000000000e+02
1.857500000000000000e+04
1.450000000000000000e+02
1.470000000000000000e+02
1.480000000000000000e+02
8.342000000000000000e+03
4.111200000000000000e+04
6.297000000000000000e+03
4.252000000000000000e+03
6.300000000000000000e+03
6.364700000000000000e+04
1.610000000000000000e+02
2.216000000000000000e+03
2.884100000000000000e+04
2.218000000000000000e+03
1.720000000000000000e+02
1.730000000000000000e+02
4.270000000000000000e+03
1.619670000000000000e+05
1.750000000000000000e+02
4.728100000000000000e+04
1.780000000000000000e+02
6.327000000000000000e+03
2.271400000000000000e+04
1.890000000000000000e+02
5.753900000000000000e+04
5.754000000000000000e+04
9.030900000000000000e+04
8.389000000000000000e+03
6.342000000000000000e+03
4.302000000000000000e+03
4.304000000000000000e+03
2.110000000000000000e+02
1.659800000000000000e+04
1.455000000000000000e+04
2.274400000000000000e+04
1.660400000000000000e+04
6.371000000000000000e+03
2.280000000000000000e+02
2.290000000000000000e+02
2.300000000000000000e+02
2.310000000000000000e+02
6.376000000000000000e+03
2.320000000000000000e+02
2.330000000000000000e+02
1.661900000000000000e+04
1.457100000000000000e+04
2.285000000000000000e+03
2.686000000000000000e+04
2.340000000000000000e+02
2.400000000000000000e+02
2.350000000000000000e+02
2.360000000000000000e+02
2.481900000000000000e+04
2.390000000000000000e+02
6.389000000000000000e+03
4.342000000000000000e+03
2.470000000000000000e+02
2.410000000000000000e+02
2.420000000000000000e+02
6.394000000000000000e+03
2.510000000000000000e+02
2.430000000000000000e+02
2.440000000000000000e+02
2.450000000000000000e+02
1.458200000000000000e+04
2.560000000000000000e+02
2.520000000000000000e+02
2.550000000000000000e+02
6.169800000000000000e+04
2.590000000000000000e+02
1.927730000000000000e+05
1.927740000000000000e+05
1.927750000000000000e+05
1.927760000000000000e+05
4.532000000000000000e+04
1.927780000000000000e+05
1.927790000000000000e+05
2.314000000000000000e+03
2.688500000000000000e+04
2.610000000000000000e+02
1.460700000000000000e+04
3.713600000000000000e+04
1.333840000000000000e+05
2.660000000000000000e+02
2.680000000000000000e+02
2.710000000000000000e+02
2.690000000000000000e+02
4.377000000000000000e+03
4.124300000000000000e+04
2.331000000000000000e+03
1.666800000000000000e+04
1.667200000000000000e+04
2.900000000000000000e+02
2.910000000000000000e+02
2.920000000000000000e+02
2.930000000000000000e+02
2.940000000000000000e+02
2.950000000000000000e+02
2.960000000000000000e+02
2.970000000000000000e+02
2.346000000000000000e+03
2.692100000000000000e+04
6.378700000000000000e+04
2.342000000000000000e+03
3.020000000000000000e+02
2.980000000000000000e+02
4.400000000000000000e+03
3.050000000000000000e+02
3.060000000000000000e+02
3.070000000000000000e+02
3.080000000000000000e+02
1.006610000000000000e+05
3.090000000000000000e+02
1.054900000000000000e+04
3.040000000000000000e+02
3.130000000000000000e+02
3.120000000000000000e+02
4.411000000000000000e+03
3.160000000000000000e+02
3.140000000000000000e+02
4.332200000000000000e+04
3.190000000000000000e+02
3.210000000000000000e+02
1.875300000000000000e+04
1.056300000000000000e+04
3.230000000000000000e+02
3.250000000000000000e+02
3.240000000000000000e+02
6.176700000000000000e+04
3.280000000000000000e+02
6.381500000000000000e+04
3.300000000000000000e+02
3.290000000000000000e+02
1.876200000000000000e+04
3.330000000000000000e+02
3.340000000000000000e+02
6.176800000000000000e+04
4.130100000000000000e+04
1.467700000000000000e+04
8.538000000000000000e+03
3.106700000000000000e+04
3.490000000000000000e+02
1.314230000000000000e+05
1.059100000000000000e+04
1.416650000000000000e+05
3.550000000000000000e+02
6.501000000000000000e+03
3.600000000000000000e+02
3.610000000000000000e+02
4.460000000000000000e+03
2.903900000000000000e+04
2.417000000000000000e+03
2.290400000000000000e+04
1.266500000000000000e+04
6.523000000000000000e+03
3.840000000000000000e+02
5.363200000000000000e+04
4.482000000000000000e+03
3.870000000000000000e+02
1.472200000000000000e+04
3.890000000000000000e+02
6.534000000000000000e+03
7.411200000000000000e+04
6.536000000000000000e+03
2.905800000000000000e+04
2.905900000000000000e+04
1.677900000000000000e+04
2.906100000000000000e+04
5.364000000000000000e+04
3.980000000000000000e+02
2.447000000000000000e+03
4.000000000000000000e+02
8.590000000000000000e+03
1.678000000000000000e+04
8.595000000000000000e+03
6.548000000000000000e+03
8.596000000000000000e+03
4.070000000000000000e+02
4.080000000000000000e+02
2.457000000000000000e+03
6.552000000000000000e+03
3.523000000000000000e+04
1.679900000000000000e+04
3.318800000000000000e+04
2.469000000000000000e+03
1.376390000000000000e+05
2.474000000000000000e+03
2.475000000000000000e+03
5.982000000000000000e+04
4.548400000000000000e+04
4.753500000000000000e+04
2.091200000000000000e+04
2.481000000000000000e+03
6.801700000000000000e+04
1.681600000000000000e+04
4.390000000000000000e+02
4.410000000000000000e+02
2.296900000000000000e+04
8.635000000000000000e+03
1.622330000000000000e+05
2.493000000000000000e+03
1.110380000000000000e+05
5.369600000000000000e+04
6.592000000000000000e+03
4.520000000000000000e+02
3.526900000000000000e+04
2.216370000000000000e+05
4.580000000000000000e+02
7.624000000000000000e+04
1.479220000000000000e+05
1.070700000000000000e+04
4.690000000000000000e+02
2.299900000000000000e+04
2.523000000000000000e+03
8.854000000000000000e+04
6.192100000000000000e+04
1.704690000000000000e+05
4.850000000000000000e+02
2.916200000000000000e+04
4.920000000000000000e+02
2.916500000000000000e+04
7.422000000000000000e+04
2.916800000000000000e+04
8.688000000000000000e+03
8.692000000000000000e+03
5.020000000000000000e+02
5.030000000000000000e+02
8.695000000000000000e+03
5.050000000000000000e+02
4.605000000000000000e+03
8.702000000000000000e+03
8.701000000000000000e+03
1.152010000000000000e+05
3.123300000000000000e+04
1.930290000000000000e+05
3.533400000000000000e+04
2.100200000000000000e+04
5.250000000000000000e+02
8.719000000000000000e+03
5.290000000000000000e+02
2.577000000000000000e+03
5.310000000000000000e+02
4.558700000000000000e+04
1.643720000000000000e+05
1.029320000000000000e+05
5.370000000000000000e+02
5.380000000000000000e+02
1.282500000000000000e+04
1.896900000000000000e+04
1.078200000000000000e+04
1.693400000000000000e+04
5.510000000000000000e+02
1.079000000000000000e+04
1.079400000000000000e+04
8.861900000000000000e+04
5.560000000000000000e+02
1.898800000000000000e+04
8.042900000000000000e+04
8.756000000000000000e+03
2.615000000000000000e+03
8.764000000000000000e+03
2.621000000000000000e+03
1.900700000000000000e+04
6.722000000000000000e+03
5.810000000000000000e+02
1.082300000000000000e+04
4.685000000000000000e+03
5.920000000000000000e+02
3.131600000000000000e+04
3.131800000000000000e+04
7.023600000000000000e+04
6.080000000000000000e+02
8.806000000000000000e+03
3.133500000000000000e+04
6.205500000000000000e+04
8.811000000000000000e+03
4.718000000000000000e+03
3.544000000000000000e+04
6.250000000000000000e+02
6.772000000000000000e+03
1.091750000000000000e+05
2.316000000000000000e+04
6.330000000000000000e+02
6.380000000000000000e+02
6.410000000000000000e+02
2.317100000000000000e+04
6.430000000000000000e+02
4.744000000000000000e+03
1.440120000000000000e+05
2.727700000000000000e+04
6.560000000000000000e+02
2.706000000000000000e+03
6.806000000000000000e+03
4.759000000000000000e+03
1.295100000000000000e+04
4.162500000000000000e+04
3.343400000000000000e+04
3.753200000000000000e+04
6.620500000000000000e+04
6.700000000000000000e+02
4.367700000000000000e+04
6.620900000000000000e+04
6.740000000000000000e+02
4.773000000000000000e+03
6.790000000000000000e+02
3.550500000000000000e+04
8.888000000000000000e+03
1.502010000000000000e+05
3.551200000000000000e+04
3.552800000000000000e+04
4.372000000000000000e+04
7.140000000000000000e+02
8.468200000000000000e+04
1.914600000000000000e+04
1.914800000000000000e+04
2.766000000000000000e+03
7.180000000000000000e+02
3.554100000000000000e+04
2.940200000000000000e+04
5.397900000000000000e+04
7.320000000000000000e+02
1.686760000000000000e+05
7.470000000000000000e+02
1.917900000000000000e+04
8.953000000000000000e+03
1.305100000000000000e+04
4.787300000000000000e+04
7.245000000000000000e+04
4.870000000000000000e+03
6.920000000000000000e+03
6.923000000000000000e+03
2.330700000000000000e+04
6.836600000000000000e+04
4.880000000000000000e+03
3.969700000000000000e+04
6.928000000000000000e+03
2.331400000000000000e+04
3.970000000000000000e+04
2.946100000000000000e+04
8.884800000000000000e+04
6.935000000000000000e+03
4.890000000000000000e+03
3.970700000000000000e+04
6.940000000000000000e+03
4.892000000000000000e+03
4.900000000000000000e+03
4.905000000000000000e+03
4.910000000000000000e+03
8.180000000000000000e+02
2.609220000000000000e+05
4.923000000000000000e+03
8.280000000000000000e+02
1.790060000000000000e+05
8.320000000000000000e+02
1.312100000000000000e+04
3.974600000000000000e+04
2.609310000000000000e+05
2.336700000000000000e+04
4.385000000000000000e+04
3.156400000000000000e+04
1.723600000000000000e+04
1.928900000000000000e+04
1.520200000000000000e+04
1.110800000000000000e+04
4.184300000000000000e+04
7.029000000000000000e+03
4.990000000000000000e+03
4.185800000000000000e+04
8.990000000000000000e+02
1.913640000000000000e+05
4.186400000000000000e+04
9.097000000000000000e+03
1.729000000000000000e+04
4.186800000000000000e+04
4.186900000000000000e+04
5.006000000000000000e+03
5.008000000000000000e+03
2.364330000000000000e+05
7.064000000000000000e+03
9.200000000000000000e+02
1.586210000000000000e+05
9.260000000000000000e+02
4.803100000000000000e+04
1.526200000000000000e+04
4.393300000000000000e+04
4.803900000000000000e+04
2.551100000000000000e+04
5.418600000000000000e+04
3.370700000000000000e+04
7.084000000000000000e+03
1.258690000000000000e+05
2.992000000000000000e+03
3.780800000000000000e+04
2.348100000000000000e+04
3.577000000000000000e+04
9.148000000000000000e+03
9.580000000000000000e+02
5.420800000000000000e+04
5.421200000000000000e+04
3.373400000000000000e+04
9.165000000000000000e+03
1.504810000000000000e+05
3.026000000000000000e+03
3.028000000000000000e+03
9.840000000000000000e+02
5.082000000000000000e+03
9.870000000000000000e+02
2.351600000000000000e+04
9.890000000000000000e+02
9.900000000000000000e+02
9.910000000000000000e+02
3.170600000000000000e+04
1.238720000000000000e+05
3.171200000000000000e+04
4.399600000000000000e+04
4.810100000000000000e+04
1.000000000000000000e+03
1.566480000000000000e+05
1.566490000000000000e+05
1.566500000000000000e+05
1.566510000000000000e+05
1.005000000000000000e+03
3.377100000000000000e+04
3.050000000000000000e+03
1.008000000000000000e+03
1.009000000000000000e+03
1.125800000000000000e+04
5.427000000000000000e+04
2.355100000000000000e+04
1.027000000000000000e+03
1.259570000000000000e+05
3.175300000000000000e+04
1.034000000000000000e+03
4.813900000000000000e+04
3.175600000000000000e+04
7.681400000000000000e+04
4.814300000000000000e+04
1.044000000000000000e+03
1.045000000000000000e+03
1.177830000000000000e+05
3.096000000000000000e+03
1.050000000000000000e+03
1.051000000000000000e+03
6.454100000000000000e+04
9.251000000000000000e+03
1.335100000000000000e+04
3.792900000000000000e+04
3.383300000000000000e+04
5.169000000000000000e+03
1.079000000000000000e+03
4.613600000000000000e+04
1.081000000000000000e+03
3.132000000000000000e+03
6.047700000000000000e+04
5.186000000000000000e+03
3.181600000000000000e+04
1.014490000000000000e+05
5.194000000000000000e+03
5.434700000000000000e+04
8.506800000000000000e+04
5.198000000000000000e+03
3.796700000000000000e+04
1.104000000000000000e+03
2.977600000000000000e+04
5.435700000000000000e+04
2.773600000000000000e+04
2.978700000000000000e+04
1.955600000000000000e+04
3.389600000000000000e+04
1.129000000000000000e+03
5.226000000000000000e+03
5.224000000000000000e+03
1.132000000000000000e+03
5.231000000000000000e+03
3.185000000000000000e+03
1.465480000000000000e+05
1.141000000000000000e+03
9.336000000000000000e+03
3.196000000000000000e+03
3.197000000000000000e+03
5.247000000000000000e+03
2.368000000000000000e+04
5.253000000000000000e+03
1.159000000000000000e+03
4.418100000000000000e+04
5.032500000000000000e+04
5.277000000000000000e+03
2.780600000000000000e+04
1.552100000000000000e+04
9.377000000000000000e+03
1.122600000000000000e+04
1.752680000000000000e+05
1.189000000000000000e+03
3.098200000000000000e+04
1.199820000000000000e+05
2.380000000000000000e+02
9.395000000000000000e+03
5.855400000000000000e+04
5.307000000000000000e+03
3.273000000000000000e+03
4.218600000000000000e+04
1.229000000000000000e+03
4.833300000000000000e+04
7.375000000000000000e+03
1.118230000000000000e+05
7.377000000000000000e+03
1.762100000000000000e+04
5.341000000000000000e+03
1.558100000000000000e+04
1.247000000000000000e+03
1.558400000000000000e+04
1.250000000000000000e+03
5.347000000000000000e+03
2.490000000000000000e+02
1.405180000000000000e+05
1.220880000000000000e+05
7.294700000000000000e+04
2.789200000000000000e+04
4.837200000000000000e+04
9.465000000000000000e+03
1.356200000000000000e+04
1.276000000000000000e+03
1.356600000000000000e+04
5.374000000000000000e+03
3.814300000000000000e+04
4.838300000000000000e+04
2.540000000000000000e+02
1.767100000000000000e+04
8.730500000000000000e+04
5.387000000000000000e+03
2.570000000000000000e+02
1.358400000000000000e+04
2.177600000000000000e+04
1.563300000000000000e+04
1.299000000000000000e+03
1.300000000000000000e+03
1.301000000000000000e+03
2.580000000000000000e+02
5.401000000000000000e+03
1.309000000000000000e+03
5.406000000000000000e+03
1.311000000000000000e+03
1.979220000000000000e+05
7.094900000000000000e+04
2.620000000000000000e+02
2.630000000000000000e+02
1.328000000000000000e+03
3.377000000000000000e+03
9.520000000000000000e+03
7.475000000000000000e+03
2.640000000000000000e+02
5.429000000000000000e+03
2.386200000000000000e+04
1.335000000000000000e+03
5.431000000000000000e+03
7.481000000000000000e+03
9.527000000000000000e+03
1.344540000000000000e+05
2.386500000000000000e+04
3.206000000000000000e+04
1.078360000000000000e+05
2.796700000000000000e+04
1.262730000000000000e+05
1.352000000000000000e+03
1.353000000000000000e+03
1.569200000000000000e+04
1.569300000000000000e+04
1.159800000000000000e+04
1.037560000000000000e+05
1.361000000000000000e+03
1.160100000000000000e+04
3.822800000000000000e+04
7.511000000000000000e+03
4.642800000000000000e+04
5.871700000000000000e+04
7.523000000000000000e+03
3.433000000000000000e+03
1.572100000000000000e+04
1.777600000000000000e+04
1.397000000000000000e+03
7.308000000000000000e+04
1.160910000000000000e+05
8.127600000000000000e+04
7.551000000000000000e+03
5.511000000000000000e+03
7.560000000000000000e+03
3.469000000000000000e+03
9.621000000000000000e+03
9.622000000000000000e+03
9.624000000000000000e+03
3.420100000000000000e+04
9.627000000000000000e+03
1.436000000000000000e+03
5.878000000000000000e+04
3.420400000000000000e+04
1.372700000000000000e+04
9.632000000000000000e+03
3.420600000000000000e+04
9.635000000000000000e+03
9.636000000000000000e+03
9.637000000000000000e+03
9.638000000000000000e+03
2.807000000000000000e+04
9.640000000000000000e+03
9.641000000000000000e+03
1.450000000000000000e+03
2.807200000000000000e+04
9.644000000000000000e+03
2.807300000000000000e+04
7.593000000000000000e+03
9.647000000000000000e+03
9.649000000000000000e+03
1.461000000000000000e+03
9.654000000000000000e+03
9.657000000000000000e+03
9.658000000000000000e+03
7.610000000000000000e+03
9.659000000000000000e+03
9.660000000000000000e+03
2.809100000000000000e+04
9.668000000000000000e+03
6.906000000000000000e+04
9.670000000000000000e+03
1.478000000000000000e+03
9.671000000000000000e+03
1.141210000000000000e+05
2.196200000000000000e+04
9.674000000000000000e+03
5.578000000000000000e+03
1.991100000000000000e+04
9.678000000000000000e+03
3.629600000000000000e+04
1.377600000000000000e+04
1.377700000000000000e+04
2.605700000000000000e+04
1.491000000000000000e+03
9.683000000000000000e+03
1.582800000000000000e+04
9.687000000000000000e+03
9.688000000000000000e+03
9.689000000000000000e+03
1.583200000000000000e+04
1.583300000000000000e+04
2.813000000000000000e+04
1.174800000000000000e+04
5.604000000000000000e+03
3.000000000000000000e+02
1.994300000000000000e+04
6.499700000000000000e+04
6.176500000000000000e+04
1.175600000000000000e+04
6.500700000000000000e+04
3.030000000000000000e+02
5.273500000000000000e+04
3.583000000000000000e+03
2.816200000000000000e+04
7.117200000000000000e+04
1.178500000000000000e+04
1.588200000000000000e+04
1.551000000000000000e+03
1.162440000000000000e+05
1.998800000000000000e+04
1.367240000000000000e+05
9.761000000000000000e+03
2.347000000000000000e+03
1.591500000000000000e+04
2.820500000000000000e+04
1.674700000000000000e+05
1.583000000000000000e+03
4.051500000000000000e+04
9.376600000000000000e+04
2.413500000000000000e+04
5.704000000000000000e+03
2.413900000000000000e+04
2.209900000000000000e+04
2.824500000000000000e+04
3.439500000000000000e+04
1.187000000000000000e+04
2.416500000000000000e+04
2.007100000000000000e+04
5.744000000000000000e+03
2.417900000000000000e+04
5.754000000000000000e+03
1.122540000000000000e+05
1.663000000000000000e+03
9.860000000000000000e+03
5.764000000000000000e+03
1.805400000000000000e+04
8.768900000000000000e+04
7.821000000000000000e+03
1.511900000000000000e+05
1.688000000000000000e+03
5.698600000000000000e+04
1.193600000000000000e+04
1.696000000000000000e+03
2.832300000000000000e+04
4.266500000000000000e+04
9.796500000000000000e+04
7.855000000000000000e+03
6.929800000000000000e+04
1.605200000000000000e+04
1.605500000000000000e+04
1.810400000000000000e+04
9.914000000000000000e+03
1.512280000000000000e+05
5.824000000000000000e+03
3.654400000000000000e+04
3.654600000000000000e+04
5.827000000000000000e+03
3.655100000000000000e+04
7.884000000000000000e+03
1.403100000000000000e+04
3.656600000000000000e+04
7.898000000000000000e+03
1.405000000000000000e+04
7.139400000000000000e+04
9.957000000000000000e+03
3.249600000000000000e+04
3.249800000000000000e+04
2.841000000000000000e+04
1.390070000000000000e+05
1.287700000000000000e+05
5.709400000000000000e+04
1.818900000000000000e+04
2.638100000000000000e+04
5.907000000000000000e+03
7.349500000000000000e+04
5.916000000000000000e+03
1.823000000000000000e+03
4.278400000000000000e+04
1.824000000000000000e+03
5.922000000000000000e+03
4.074400000000000000e+04
5.929000000000000000e+03
4.688900000000000000e+04
3.050400000000000000e+04
5.933000000000000000e+03
2.846200000000000000e+04
1.822300000000000000e+04
1.852000000000000000e+03
1.618800000000000000e+04
3.462200000000000000e+04
3.462400000000000000e+04
3.462800000000000000e+04
1.779910000000000000e+05
2.865360000000000000e+05
2.848900000000000000e+04
1.288430000000000000e+05
1.210800000000000000e+04
4.897300000000000000e+04
3.463700000000000000e+04
3.463800000000000000e+04
4.078000000000000000e+04
5.973000000000000000e+03
3.927000000000000000e+03
1.881000000000000000e+03
5.977000000000000000e+03
5.982000000000000000e+03
6.004000000000000000e+03
2.034600000000000000e+04
1.928000000000000000e+03
5.723100000000000000e+04
4.084900000000000000e+04
4.085200000000000000e+04
1.942000000000000000e+03
2.037400000000000000e+04
1.555420000000000000e+05
1.945000000000000000e+03
1.951000000000000000e+03
1.166390000000000000e+05
4.496300000000000000e+04
2.039300000000000000e+04
1.961000000000000000e+03
1.963000000000000000e+03
1.220700000000000000e+04
6.136200000000000000e+04
7.160200000000000000e+04
2.449900000000000000e+04
1.221600000000000000e+04
1.980000000000000000e+03
1.981000000000000000e+03
1.982000000000000000e+03
1.988000000000000000e+03
6.088000000000000000e+03
1.993000000000000000e+03
1.105360000000000000e+05
1.223500000000000000e+04
6.093000000000000000e+03
8.141000000000000000e+03
1.633300000000000000e+04
3.067300000000000000e+04
1.633800000000000000e+04
2.002000000000000000e+03
6.098000000000000000e+03
2.862900000000000000e+04
1.634400000000000000e+04
6.107000000000000000e+03
4.092500000000000000e+04
4.092600000000000000e+04
4.092800000000000000e+04
4.092900000000000000e+04
1.064660000000000000e+05
1.840800000000000000e+04
1.636500000000000000e+04
2.251000000000000000e+04
1.842300000000000000e+04
2.045000000000000000e+03
